8316
10188
2711
6353
7482
961
9338
8274
8276
3490
1231
4762
1573
4754
10080
2934
7393
1116
436
7346
326
4919
5897
824
4523
930
3851
8872
499
9960
1549
8679
2823
10332
3795
6137
3190
2311
4313
4861
6130
2462
5556
8565
2887
7649
7147
1249
9135
8354
546
4376
9638
1706
8545
7133
9681
967
4287
1570
8828
1435
8688
10198
2367
474
10648
10336
10453
6580
7132
9732
5467
4337
229
3900
6642
72
7695
7976
290
6359
1822
4152
6845
4207
1402
7430
3423
9935
5756
2401
882
149
9704
9830
5216
4322
6329
2851
7958
2192
10400
385
6102
2982
6235
2093
6558
6402
8871
9243
749
2091
4626
5449
4131
1474
592
4976
779
6533
758
603
2998
1804
4658
5096
4707
6072
859
3603
8973
9669
7691
5684
7174
2748
9331
1696
1515
1771
2522
10345
6808
481
3137
9466
3299
7146
2092
4750
2140
8200
1373
559
6977
8414
1846
1983
10169
3383
6540
5762
7037
7077
771
8131
8832
103
3831
3063
9859
9076
4855
6432
5232
1241
7986
8249
7778
6428
4253
6344
9388
4495
10572
6754
9606
8919
5240
7356
2669
1458
127
10434
1677
4538
7473
8144
3096
6310
5531
5554
7469
187
8510
421
9644
5062
8561
1744
3419
3152
3714
9572
1305
1971
10231
1335
3058
687
7831
2306
1027
3635
7178
3818
6131
8481
3048
548
8992
8517
7759
10383
1160
5694
10125
1006
1853
9108
5696
6412
5121
8275
6835
9628
5194
2361
1493
1376
761
4333
2500
5
8866
5648
5675
5364
5405
10470
10153
8878
10237
9539
5505
6444
4914
836
6766
1367
8216
3657
2815
6542
3790
8171
3398
7061
185
3267
3582
7199
9197
5135
4375
4924
7325
801
9025
4508
9228
283
4466
4999
6398
3843
1077
9119
9467
3685
10488
10507
3011
6190
2840
10263
5726
7787
5202
1851
9462
2718
9319
8404
1252
4454
4171
3322
3528
6207
10356
4913
1879
9565
1558
7544
1253
7051
7534
8505
6681
155
10254
4883
3596
5722
9875
2609
8786
495
9449
929
4862
4448
4076
2233
2826
5092
3942
2951
1333
4534
4772
6196
1562
10621
1518
7593
2105
2534
5973
3614
9101
6784
171
9963
1189
9602
9993
7720
655
6722
380
5996
5834
5623
5222
1198
7106
4705
3768
4473
4842
9798
4525
4323
5871
9384
4598
9720
9558
2434
4006
4860
8266
4666
272
2747
10277
230
2185
428
10496
3607
3494
3258
8133
614
3624
7985
8074
9555
10631
629
10167
1649
7274
705
5830
8289
7458
4415
8839
6048
5746
4052
9130
3592
3009
4700
4499
4785
1342
6413
6463
6626
7198
9224
4498
8199
7065
7951
9575
375
151
7191
7083
5720
6193
6891
1946
5349
7354
2880
640
2256
8092
3748
10620
8559
4277
1225
3116
589
2004
908
9322
7765
2159
7486
9948
6223
1977
6645
2184
713
6414
7850
2360
9936
6857
10014
5841
3395
6684
1919
9198
9547
4030
88
236
5898
1850
6439
7419
117
5903
10086
5718
6950
671
5650
4778
6383
5586
684
1938
8560
10402
6650
2349
1917
6901
9734
8840
4340
2999
6517
10578
3015
4606
1847
7707
3873
8150
2308
6654
10404
9951
607
1318
4968
4365
3021
1832
2812
8771
5499
6014
7782
8000
2151
6239
4013
3674
10397
10217
2439
48
631
9866
3516
1564
3004
6987
5311
8318
8378
4945
2922
1120
4317
1684
2482
4548
3014
4227
1008
686
5230
6372
327
7179
2502
4230
7847
8273
3304
2220
1140
8338
2278
1450
5680
3849
3390
2346
6717
1781
2024
1694
5276
9493
8094
2545
3956
5914
7566
9131
4133
1020
8603
3154
2245
4319
8242
5578
5155
10037
4422
9189
5749
7288
6459
3930
6539
278
3206
2651
6430
6495
4595
8907
9599
8190
3141
532
4649
1824
3526
4417
9845
5005
2293
3961
2057
1738
6395
8405
4145
9341
3701
6364
1552
1429
4670
45
9150
6135
3450
7229
3400
830
1113
2987
3860
4110
10196
9427
3097
8045
2358
10291
2420
2351
1988
7424
2678
3527
2193
2086
4402
9612
5317
7057
5584
1979
7599
2196
10320
324
7488
5440
7898
9191
10319
1927
8313
3652
9714
6563
7833
5797
6895
9283
3934
4728
8700
6989
7464
2820
10173
6280
3184
2965
4047
4656
206
2020
3193
9026
10168
10443
4084
4223
5159
9393
3551
6492
3242
8063
6793
6038
8862
221
3804
3241
9200
6838
10190
1857
10591
5979
2724
5486
721
10446
6997
341
7956
770
1177
2788
9389
5451
5059
9440
4661
8877
8537
1111
9739
1808
6113
8605
9334
932
6297
1272
5607
5949
1528
5700
6956
8857
9543
10109
7984
7371
3971
7227
1642
1350
8122
3744
6363
9782
672
1650
3881
2090
1873
5439
5098
10529
8698
10371
9192
3535
3676
4012
9968
1398
5882
6226
3572
5976
6221
5751
10479
4003
10084
6706
729
6267
742
520
7564
4048
6986
6066
9787
3496
6813
2255
3069
6968
10660
1377
6457
3309
10542
4312
6276
85
1105
6167
4744
6698
8754
4932
7117
6159
7654
5733
5591
10334
3658
4461
3272
1413
1673
5854
7011
4148
4237
5197
802
650
8979
1432
4978
3837
5151
5705
5557
228
5238
6617
4587
874
669
1405
4331
7332
1481
8154
8042
1795
7410
4660
7190
7498
6646
4194
133
9127
8982
7705
2443
5575
5719
6765
6988
7005
6745
10087
8522
10310
3223
4764
2180
9351
6270
10652
10467
2617
950
7478
7257
9939
1050
9498
8542
18
2511
1375
9957
3251
9735
4212
2070
145
7602
7054
7162
9245
8953
1385
8332
4926
5778
6785
3814
5498
2446
6018
7923
10072
5972
4399
4425
5571
1043
5910
1641
226
6211
8283
7799
2680
4903
6397
9585
10262
8109
7397
9413
8716
6802
6737
6083
10630
2605
1685
5351
6384
7957
10359
7791
5281
1414
3946
2866
1788
2779
6174
8238
7034
9347
6569
8745
9728
2363
4441
4974
6635
2647
9523
5309
10598
2209
3310
8027
2557
9396
3522
8225
9515
5833
6390
7977
6285
6093
3344
299
9166
443
4597
5393
2950
5425
5275
5339
5134
2148
9032
10608
43
2060
10624
3585
5767
9415
7204
8447
821
10426
2751
10128
8993
1308
2496
10050
7401
60
177
1431
881
6550
10259
5946
9487
2703
9579
7238
621
4847
5862
6962
8120
9276
6719
10054
4755
4737
7579
2264
7477
2970
563
3271
6035
4955
2010
6840
5755
6079
9174
4582
6147
4838
4675
8651
430
4290
1779
4677
2501
6350
768
3805
3458
5395
5034
9453
812
4734
7358
7009
10595
8955
8134
1326
3332
7286
1443
6740
1525
475
2649
8284
1106
6478
1086
261
8691
7851
7197
7437
9546
8179
203
8642
7021
763
5158
9392
3053
4520
1
9468
1599
1088
9892
2130
2172
8764
9238
3832
8395
4099
787
6328
9990
5428
7032
7501
287
9346
2307
82
6002
5210
8594
9382
36
6969
2030
5918
10589
1078
3560
3480
350
5902
9762
2526
7580
1571
9998
5840
2463
10151
6867
4285
7451
5539
10005
2276
3296
1182
5545
8459
4193
4069
3384
2736
3234
7210
10497
3201
2913
6097
9703
7591
7112
316
2602
303
1490
10539
6918
2520
9247
7697
3493
4572
6385
6295
3941
8504
3702
5597
5861
10480
4332
2249
1507
2228
6114
5343
766
4921
3085
10412
5858
5404
9648
923
9381
2008
9797
10295
2445
8650
3202
5125
10321
9686
8976
46
5066
6584
5117
10225
2544
599
9219
7300
985
6602
6471
3227
4278
4746
8541
5398
6273
7518
6622
8410
918
5601
3782
9821
10531
4134
7681
3170
4684
485
3612
10637
5906
10490
8709
8513
8544
484
10165
1806
2943
8922
8880
4373
2100
1056
3291
2818
7000
4087
2236
1158
9350
4080
2590
4247
604
6324
8490
2237
7059
4314
3518
9372
10264
1379
7220
6523
1126
5131
9207
10628
8471
410
3562
4032
9423
6225
9757
7930
5297
9296
10401
1291
168
5845
5254
9375
2983
3589
1053
5054
5004
8475
636
6873
4411
3268
6289
2284
7035
4873
1484
7673
98
5779
4603
9912
7656
8230
4104
4971
10335
6630
7763
2499
2733
9348
7569
4421
7940
1745
4759
968
5544
6063
5812
1588
137
2215
6993
6189
4629
263
9378
4478
746
6194
61
251
4692
7508
4601
3317
7459
10326
1337
8152
3555
4463
9280
3777
7665
5032
2337
6815
4809
255
3662
8
775
2978
387
6939
7443
3139
1107
198
7275
9499
1812
5094
2991
2067
8640
4418
6228
4845
6685
1472
7990
3739
1816
6441
111
1759
5963
10569
6952
7980
1993
1553
4550
7895
3389
1761
8194
8370
2018
6727
5920
9613
3123
1193
8366
4242
4366
292
7910
9825
1208
3638
7590
9017
9629
4023
9383
9337
4849
5625
6309
8752
1902
6985
1421
5068
8233
4562
7813
595
9630
9253
3921
7139
7435
4524
7298
183
5501
2682
2621
3260
4157
5879
8690
10020
6665
4141
5446
9831
2274
7359
8294
5884
6518
3476
2514
6732
8804
6929
8728
1049
6484
6896
3140
105
3870
2925
9504
8636
9488
2365
10025
3694
4374
10191
9482
7280
6647
6941
4300
815
2281
7247
6342
5406
10351
1942
5463
782
5367
4057
4703
8634
9568
3633
4251
6
7322
1974
4188
8591
1463
4264
5435
1884
4541
2619
7926
1084
8799
9970
8852
8582
996
5192
5058
9789
1131
4105
7201
6848
9851
8087
1766
4713
10568
426
9152
9090
5166
4181
503
5935
1295
8457
2532
4741
9457
1787
10535
7911
8903
1139
10521
3835
1185
5253
2885
10285
9340
8626
10017
2119
3357
1827
2000
9886
6612
9265
9677
6880
1125
898
3648
2525
9078
7331
8792
7636
10307
4260
5966
656
5765
1204
1754
1230
8417
8101
8790
4753
915
453
8530
7743
2116
4514
5122
1262
8089
974
3316
3328
8623
3497
2121
3858
885
7194
10214
4685
8014
4949
536
9930
9826
7161
4437
271
9456
4202
5658
5929
6306
5388
10502
4698
9634
849
7680
8066
10301
9688
2832
4556
735
7592
9031
6242
1067
478
4782
8124
8371
10556
4536
776
90
339
2229
8920
8168
3886
2488
5365
5596
5018
5986
2235
8997
7131
1133
10223
5781
7826
6966
3133
4645
4301
5243
5478
1152
10202
9489
8148
5320
286
9794
5044
712
778
4938
9138
5282
1625
9240
1841
14
3424
8265
9079
4275
9902
9818
6109
5583
7620
9665
7457
6697
4560
403
8986
2944
6807
4286
7913
6191
5526
6089
1059
7679
7360
9693
6005
3671
9691
905
7655
8543
9920
10251
5954
5587
549
6271
3948
7329
5509
10436
1424
5318
320
4001
8203
945
1000
4174
3718
7302
4189
1969
2980
2154
4768
3784
7849
1826
425
5201
7099
4696
8298
1224
4492
2692
1364
4309
7026
5140
134
6013
1543
6783
9560
7667
9235
10082
7142
4125
479
281
3023
8945
1003
7568
5010
9865
4800
1944
3731
8002
2759
315
7935
2962
70
702
10483
1622
4263
4655
6354
4056
1760
8583
8413
10642
5278
6874
5138
9053
2939
937
8035
6416
6060
8424
5357
9965
1076
2817
4596
6639
9569
9940
3436
7918
5736
5375
7857
10002
6530
8969
5171
947
1620
5568
6082
2328
4552
4727
491
7989
9967
7213
8578
5644
9736
8747
3077
1478
9536
7214
11
3399
8460
8935
10137
7248
23
2552
1356
7754
3626
1164
4387
3663
6099
10235
899
8034
3187
7237
9813
2917
10415
6905
3
4664
1497
7383
4964
5698
2503
7785
1322
8641
10331
5354
9441
7563
8520
6598
4776
4176
3919
4579
8345
6710
5301
2872
9584
7129
2610
9631
10586
3487
2549
3726
312
4389
8247
2391
6877
9051
1950
1916
4788
8762
9894
5139
6325
1940
6391
12
3233
2068
2387
1383
7125
2639
10043
4813
2157
1612
7483
4451
5653
3839
1505
8360
5775
8071
7045
8710
2040
3169
5993
10183
582
6996
8575
2464
17
4733
9074
1514
880
6628
562
5302
527
7608
4432
2221
2979
2798
6236
2345
6576
5304
9982
10554
2675
83
943
3808
8659
5105
3715
9184
2285
418
9069
1999
5378
983
4213
8898
7554
4405
6951
3936
7812
710
993
2620
6794
1750
32
3758
5205
1866
3876
8214
260
2611
5333
5212
3792
818
1090
2021
9156
6641
973
4113
8800
2704
8290
3446
8470
113
10079
30
2223
5790
4140
10247
10308
6846
2642
6064
9256
5261
9600
6183
4083
8703
3584
1646
8734
9039
10276
1469
5901
4975
1930
3690
5358
7049
5047
7135
2745
6031
534
10265
8324
579
4335
9856
5912
6108
1852
4732
9934
8006
4639
7004
7959
5846
268
5896
3523
441
7803
1268
1154
3136
9658
4162
395
3127
2289
3746
7810
6379
3319
9955
648
4581
4549
3118
244
6106
10044
4393
8098
7218
2681
7576
4651
7002
8971
3675
5510
2960
2615
7327
8939
6086
4991
2706
1025
1239
1740
7389
3723
6705
658
4801
9016
765
5534
1541
2846
4456
9294
166
5410
8450
8326
192
4863
399
9574
284
3640
3327
1007
1060
3501
7689
6026
6913
5258
5724
3976
8797
5895
4635
10473
3338
2465
8855
6609
10511
3502
2730
8451
1488
1926
5890
9873
2415
5908
3597
3654
9451
3456
9617
5522
8595
6294
7422
10176
1584
5738
2555
5383
6680
5927
1877
6736
6907
4336
4997
8188
3180
662
1997
3040
8784
6476
9889
9989
4648
10510
9609
1961
939
3938
6696
2013
6545
6618
4859
842
7479
3957
6308
392
8803
4979
6830
5642
10038
10036
8708
1692
5063
8361
2252
4107
584
4957
2459
6946
4531
2272
2335
8436
9143
5566
602
5801
5546
5109
3864
6613
2413
9926
916
7871
7390
10294
3735
4060
6291
6007
514
4209
8657
8462
2108
6050
4641
6330
5888
5412
8336
1192
9394
6033
276
9317
4770
7823
5660
7256
10027
1814
1439
10015
2896
7345
8958
6096
9790
7979
1344
3113
3323
10622
10523
7516
769
3339
9110
9425
7936
2601
9358
7192
10448
10463
1487
5529
4850
5290
1033
9999
2055
1449
2400
7468
10275
9647
5152
5272
5995
1136
9853
2347
9093
5110
8128
8676
7570
3144
9380
4447
6888
6274
1524
4248
10200
6970
601
7030
3213
6868
4721
1721
1640
5340
7967
6565
8157
703
10566
8875
8514
1181
4377
4699
4071
24
6894
2222
7415
3935
9460
3797
7879
3198
356
7058
6936
332
5712
2824
489
7795
10258
1394
4299
9377
4196
1774
1537
7017
9084
6047
8052
10646
1211
623
7413
9164
3909
9641
5020
5619
3488
1228
1457
4784
9907
3800
3454
3369
4824
8736
10184
7107
10206
7114
9054
8467
10253
1422
5093
3420
2047
1368
5424
5111
8163
9258
3646
1242
1777
10387
1261
5471
501
9261
7504
2891
7757
9225
3086
9642
1454
9122
6023
7625
3767
5780
2932
9116
10659
379
810
369
5541
1418
2548
6333
4262
4115
7994
8346
3160
3360
3256
3337
1023
3359
6588
2749
4858
10602
1297
3081
1172
3099
3413
637
3545
784
10172
8206
6217
7768
3204
1347
6251
4161
8232
7047
2203
7094
4111
2709
10438
9278
5160
936
10616
9418
249
1251
8292
9262
3036
6651
3103
8239
1415
4166
3128
760
1739
6186
8061
4016
8287
6155
7475
5315
7657
1325
10606
5791
1868
10092
5980
3356
2770
5992
2424
10059
800
8897
1908
3148
9710
3661
6917
169
6365
1526
5567
7073
3257
10284
9212
5582
2304
4533
5761
10197
2731
5592
9323
2394
2938
6949
8389
4613
574
615
1659
7637
10343
10403
7444
6052
4066
5249
2714
2833
3627
7446
2782
3000
8744
2677
10420
1426
6442
4568
9542
1607
8400
4781
3540
8817
2069
1316
109
2635
3989
202
8830
1209
3161
6591
9259
7532
1719
9218
10250
4053
2778
4851
8633
4075
5985
10075
9005
8550
9027
37
4738
131
1593
4839
2011
4
9047
1911
679
7696
5521
397
1648
3002
460
2565
10421
7507
9608
2536
5875
7546
8721
6682
5508
121
5414
4614
1057
9722
1005
7033
3998
3464
1117
4429
4481
7310
5265
1799
4470
5257
1470
7515
9282
6679
1103
8075
9315
10353
7533
1219
2786
9483
3816
5940
8095
2661
7585
9179
1920
3306
6847
9252
5600
8420
4195
7744
7641
7069
5795
7487
2238
4120
2379
112
4270
6721
5361
9527
10629
9502
1865
6984
10575
2144
2243
600
3794
8954
9805
4729
4273
1756
4050
19
5206
6071
1065
2822
9811
530
7103
9815
1714
8285
2784
3806
10472
9404
10583
7136
8184
6957
5115
4959
4951
3255
167
8113
5193
235
1896
3293
3243
6769
6971
10581
2082
8323
5802
7351
142
1401
3430
1862
8570
10078
1441
74
543
8730
975
5198
9522
5538
7525
4936
8372
7175
5881
5081
8118
2660
10047
9639
5962
1560
175
8759
9336
2385
5788
5235
8226
2097
1687
1098
10364
2916
823
8685
9272
847
6849
5889
6660
10003
5366
7277
4280
7338
5574
3570
4187
5809
3996
7377
8219
6908
10357
10390
294
3793
3447
6502
5689
3142
210
544
7442
9649
1765
7713
6055
7019
1954
828
3563
4892
2688
7438
3543
509
7176
8619
7149
538
6562
6777
3037
10388
3117
8892
8845
2858
2746
1905
5989
5747
9310
9154
10329
6690
1895
1069
5919
3461
6713
9956
6615
8608
808
6287
8695
5443
4378
2758
2003
8205
5513
1353
8694
6606
2764
2315
5851
9471
1595
6056
6316
9626
933
396
1800
10201
1709
4241
8751
9559
5769
6666
1539
4453
2182
3892
5681
8412
2607
3228
1672
2134
6590
8271
3114
2558
99
2080
6912
4841
4793
4583
2440
1809
5730
2398
7827
5552
8500
3631
5563
8477
2426
2102
9003
4796
6597
3334
7931
3730
9659
9946
6862
3760
9490
3838
2225
480
3785
2454
4101
6403
9625
4697
2574
1918
9117
7041
7122
6065
5647
1240
2884
865
6593
5905
5745
1876
7690
2819
5080
125
7284
9361
2253
1960
9980
8943
10625
4884
6084
4789
10370
9867
6199
1462
3195
9966
4386
3088
10051
982
6564
5978
5102
7043
9618
8921
6526
3827
6470
5421
2214
8126
6831
8778
2299
9292
4021
10
5632
4902
7272
2239
9429
1055
7113
6942
4385
9450
5612
4616
310
1299
6232
9255
9567
8192
6205
1963
4760
5430
3038
9170
3064
3145
7087
343
5384
6262
4980
10429
165
10146
783
1934
7208
8886
8911
6781
1013
3102
5246
5657
10346
4370
8083
9018
6331
9432
7074
6948
5832
2594
7258
8956
8555
7522
2156
2870
10194
3590
8049
3208
4909
805
223
5274
10435
5859
5611
9301
8931
1962
8622
3828
2320
2994
4856
6587
860
1798
5346
4650
10615
6124
5516
9060
4972
9731
2202
4561
2604
1802
7268
4381
8568
8912
8629
8444
3006
3862
4624
2476
9311
10007
10117
8259
6980
8867
10103
8162
2816
2729
4983
3378
2926
8138
9267
547
4827
4908
6771
2793
852
555
8248
447
6981
3363
7096
10233
5052
4672
4106
6466
6264
2616
7863
7296
4424
3664
10048
9401
8833
3469
8593
4513
9668
2298
6723
4566
816
5325
8546
3207
9036
5293
3226
4036
2149
4024
4682
257
9067
10096
9297
6254
3557
6655
7067
10547
7781
8267
2811
8930
7145
2689
9537
3326
9916
9360
6910
7016
10060
9937
2444
10474
8990
2301
10064
8696
4539
7085
4154
159
7381
3230
5494
8876
2268
5371
6746
10555
7927
9402
591
10458
7786
3158
10372
5827
3867
2213
5466
3673
4599
1699
323
1880
10189
4747
8291
7216
9409
8621
9019
3840
4723
2099
5988
8311
6694
7614
8521
4887
1888
3595
5711
8129
8270
5474
9484
6573
4722
2141
8638
6529
129
7385
6520
5292
2608
3761
2540
6311
4434
5690
2618
8970
9286
1340
8689
7674
10363
5964
7999
1332
1445
1568
152
9570
6608
8322
8491
1263
10588
4445
7841
2015
9048
10409
7040
9701
6104
1485
7887
128
9724
8908
2412
8711
4216
4792
4922
3181
8718
3525
4687
10063
3745
872
1453
4604
4129
4817
4519
3439
10560
8812
4593
3530
9911
2921
3682
22
1746
3834
528
6931
1819
9288
8587
5581
3071
7523
744
6678
962
1176
4819
9343
3911
1790
7890
6700
9002
2592
9124
6362
1247
6020
9509
8925
9249
7531
8775
5144
4200
1836
6003
736
10118
6474
8277
9983
4714
3377
9442
6790
5637
3829
42
2433
6726
9279
8139
10006
7738
6711
2946
1576
2740
8485
2814
619
9943
7550
1180
4350
384
3644
715
7404
141
3922
5142
5697
2576
2290
7597
3320
170
3129
5225
7675
7093
4353
5029
1227
7774
5330
10268
3505
10062
9187
5525
888
9367
6424
977
8765
7064
2537
2453
3705
10304
926
793
4875
704
8301
9448
8927
57
6735
7118
3587
3247
10105
5606
9779
6323
3905
114
5046
3753
9802
3396
3341
5994
9807
3945
1387
8767
10309
7086
7234
8308
7369
6420
8302
9211
4329
6256
4544
9481
2027
8123
8869
3861
2305
8479
628
2477
573
6336
4086
214
5813
6595
8567
1603
10152
4407
9808
2270
1665
5306
1928
4159
10489
9995
8227
2331
7171
6122
3854
4191
6695
7843
4878
1288
10396
7264
8967
1319
6972
2687
2468
6198
2589
5168
2407
5701
10029
9857
3913
8202
4091
9598
3506
9918
7154
7165
6863
4890
5048
1017
6393
4462
8288
6489
4832
7211
8704
7662
9594
10601
7521
10411
2006
2988
4690
6828
8777
7779
3920
1331
3750
10106
2539
8339
5931
9241
5613
1967
5438
6953
10519
5060
1727
2517
9733
9888
2430
6843
9058
9376
6272
10129
8041
376
1645
694
9903
4167
5727
7557
3421
8613
8137
3915
4946
10157
8630
1737
3713
5321
7408
2792
7527
8681
8440
1321
9610
4708
8496
665
9785
5147
868
9750
7891
2895
5511
774
9102
5082
5523
1218
6673
1818
10241
6417
3132
8251
10570
3311
8915
120
15
9004
10537
354
8149
5570
4743
3431
3121
9611
68
1992
7402
4522
617
130
5280
1215
97
371
6118
10493
3990
1907
6028
3766
3689
7868
7968
5967
2048
86
9075
5793
5334
3362
6551
9037
53
5656
1701
8210
3302
5236
1271
1420
6245
10498
3178
7672
7807
5588
8260
5997
8161
2210
4607
2139
3372
5852
6284
5654
3405
1845
492
6999
4428
3707
588
3965
10222
4715
6343
10065
8443
8017
8478
2868
1782
5196
1287
1147
10155
2708
1492
4589
6044
6426
889
5706
6150
9838
4916
8879
179
3880
4621
4097
4719
1298
8004
1711
10249
9664
8181
2132
5866
1403
4324
5465
1293
3553
7835
7615
2244
7536
4866
1234
6090
2226
5100
9760
7412
8418
5737
2849
9685
1898
3349
8558
3809
2595
6546
9508
3153
1811
7259
10597
5341
2528
10070
2323
8668
7241
10219
1697
5137
9422
10067
7717
4170
5626
3301
2909
8024
5335
4027
9072
675
8776
3392
7755
4051
3315
9167
3425
5252
6073
5473
6704
116
2796
7865
890
10178
7060
1715
6522
8472
444
2393
2138
825
6249
5283
10239
2719
4567
2622
1731
6638
747
4485
5857
373
3284
10432
1921
2603
9950
5702
4281
4061
8994
6260
10584
5380
10431
7110
7388
1222
2564
978
7867
795
8686
8974
8176
9100
1150
7790
4029
5074
7669
8781
2359
2542
1309
2441
1270
1555
4408
3034
9578
4063
10056
1831
3019
8016
8789
9424
921
9330
3879
1912
7130
9213
8916
1776
1388
3598
3047
9443
1591
3111
3704
234
7396
6856
1635
4791
883
3028
1864
3001
6246
1021
9506
864
2370
3537
7231
6250
737
3168
6837
5175
7966
8115
5307
9081
1770
10010
9777
8172
317
9718
8469
4637
7493
2471
785
2036
8743
3850
10441
7771
5806
3780
4318
3370
5289
6927
9730
1452
3027
7652
5803
5391
6427
4731
8337
6172
3655
8076
9049
4395
101
1366
7466
3649
5437
3982
8439
9043
9595
2847
4045
1290
3605
6299
1018
9007
1626
7862
8353
8722
465
2212
6675
3856
5495
7116
7686
4038
6548
4354
9503
10089
2300
6438
8842
9914
5007
4452
6715
5880
7115
944
3825
3353
5561
4985
9746
1656
3549
10119
2641
2497
8814
7737
10099
6505
9855
2898
4586
5448
5195
5853
8112
727
1461
1034
8998
7872
462
689
7297
7108
9233
1546
2546
8825
7496
7281
2993
6503
10633
10149
8333
691
3196
2435
4062
7276
9972
9420
2380
1345
3475
4912
9706
8386
6787
1072
6101
195
6623
4279
5615
9066
3305
248
2372
1258
10515
9897
2
8944
2296
6335
3960
7789
461
9357
723
3312
1705
4517
6557
6501
4617
8850
2698
2659
4615
4947
7140
6959
3318
10057
5646
9038
7818
2790
1533
406
9125
8258
1752
7949
3067
6788
3969
7219
688
10091
2319
3167
10636
4906
4307
7394
4871
7270
6024
8991
3174
8228
10408
9740
2596
5453
5776
2768
9666
4296
2935
5665
3336
4272
8674
8155
722
402
6277
8209
9157
4995
4777
8482
4490
9682
9353
3852
8760
250
3923
9619
394
8314
1301
5734
8319
10034
5970
9655
1248
4893
1757
10445
7902
4944
3536
9908
8835
5008
5390
437
5514
877
4229
1859
7138
10516
8536
2232
4431
9095
7306
10614
10627
6496
2321
7693
322
5234
6833
1785
9646
7541
1663
0
683
4173
1598
2314
4486
6933
3183
6882
4064
6145
6187
10406
5016
1511
4274
3157
3112
4576
161
2806
2302
8356
1178
3159
6994
533
1328
512
6712
6724
4584
2984
2588
10557
10454
7612
6015
3388
2974
8604
10171
3492
6206
8645
8540
10376
8768
4773
7852
9339
2789
8893
10123
1338
540
331
3166
9545
188
9022
10392
3778
1221
8272
6134
3639
2961
2330
5431
1565
8556
8250
6282
2428
5682
6739
2216
2208
9716
164
3240
10567
10216
7039
5294
856
838
6279
468
9773
4502
4190
7877
5924
9513
4618
3812
3089
7105
3432
9809
3970
5668
7530
1681
9529
108
364
29
739
9872
2853
5188
3939
3210
3529
4356
6836
1260
5493
419
2135
139
6916
5097
6034
3052
2478
10127
8995
832
5374
8702
3046
10440
2732
3773
2395
6944
6422
9307
5141
3403
2972
10653
7420
8145
181
510
9864
10226
2197
7834
115
6458
2037
5123
8701
5622
7605
10604
8421
8177
2164
4172
757
9494
2129
3433
7090
5119
4163
4982
1269
9196
2481
2075
3749
814
10469
976
6734
7068
2429
4693
10623
6961
2397
8108
6303
6920
2241
6177
4371
2924
2531
9327
3060
9386
7431
289
7845
8182
94
8658
4967
4201
9298
833
7535
8362
9707
1909
1498
618
3394
1427
8535
4471
132
4224
9169
110
4098
6151
3564
4998
6780
4246
9325
9333
9931
790
5913
6600
1349
1040
1135
1400
8442
8223
724
87
1482
8526
1718
2431
5264
9852
9971
3491
6875
5464
7839
6119
7621
7321
2162
8938
8717
8381
6057
4044
487
4826
1336
2076
3789
9398
6300
10030
5442
3932
3684
2005
5943
8281
5743
9144
1600
5714
8156
9901
3055
3321
4673
4588
7780
9929
8060
10257
7700
1011
7640
3177
6380
8523
2109
3065
7050
7648
4177
7472
8572
27
2339
4303
9208
4489
10344
2389
5948
2848
6229
2033
7808
9650
6659
8948
2568
1618
2627
807
3830
2066
3628
7624
4271
4124
10245
2051
7141
1313
4472
7540
10303
10593
1473
1943
5461
3307
1455
7239
10053
4806
8367
417
6747
3237
8719
2019
1397
3481
4920
10209
4646
4740
3514
7315
580
10302
7316
2835
7433
7512
7436
676
9729
3775
5500
5370
7941
5213
7969
6730
10340
6763
8652
4730
5843
5239
3546
9000
3266
6450
9549
7361
1390
7885
8050
1302
9725
6178
4192
9843
8104
870
10243
5288
6054
7344
10150
957
4843
2061
7742
8557
2882
8742
6640
678
9660
2211
75
6500
6222
4467
445
6750
10314
2052
6582
6909
6809
5678
2828
2230
7212
5090
8416
1223
2104
1702
1547
2727
2863
7971
1451
7838
1475
3033
2964
3418
6012
7031
2919
9304
10170
3412
3565
5411
1682
1371
7398
3045
8312
4055
2032
4870
1277
7577
10366
8863
9091
8036
9354
2381
8662
4095
7712
7095
2521
6934
9268
5621
10543
2267
1468
2128
2928
8904
9359
4954
2787
5941
1266
10182
8981
1742
7706
1636
9411
8805
269
10564
10018
5540
490
7251
3264
7104
1875
3465
5961
2071
5925
6100
5368
7894
1653
10113
7313
4092
3066
1274
8566
699
9919
8923
3727
8627
5589
5067
7942
10317
9758
4952
954
1191
9986
4555
7792
4808
245
5087
4155
7499
7719
1066
2390
3406
2894
3093
2217
9089
9148
971
67
5251
7101
4510
2153
2831
4948
9962
6259
1580
1170
6027
4252
6667
1015
2890
1601
6058
1393
4357
1780
9550
6129
6112
9571
7988
9692
2417
10199
218
1794
4072
4769
5064
309
9958
13
10538
8135
5084
1936
1334
4442
1608
488
3928
6115
9842
10008
8758
2945
6314
7732
1532
9195
6004
9421
2973
9858
5610
7386
6560
5182
9653
3125
2883
3373
10323
2781
4636
2843
440
10281
5338
4288
3943
6233
6752
7336
3402
10485
3120
2194
10517
4266
144
5744
5603
1479
7421
5262
4491
5877
2510
8376
9050
6559
5605
5079
3571
780
8499
6431
1014
3609
6181
8984
4610
1717
5394
1361
8329
6067
400
8080
5907
9814
6974
8787
3298
8940
466
100
2406
10266
6016
8813
7232
3068
9823
6164
10455
9771
526
660
1499
5030
199
9491
826
7948
9379
10528
5542
553
7769
6634
305
7374
7643
7764
4482
7858
8352
8342
463
3219
5789
7226
8254
4225
9836
5214
7455
2145
6872
4622
8363
140
7703
8068
2559
4112
9832
10311
7735
10342
3600
2869
9719
416
4780
9767
1169
3275
270
2936
10414
6170
2014
4220
2560
1651
8493
8305
3729
3680
1968
6121
3637
242
7387
10240
8506
2254
5636
917
8423
8334
8463
1531
4440
5810
8293
7055
1324
1837
8963
9153
7586
8673
8901
8441
4966
2115
10526
645
8639
313
1637
3847
5691
1216
6479
5400
2644
2799
4028
6407
10130
7802
1489
9992
1460
9622
5537
7334
5189
9698
7326
3580
9371
3719
3348
10261
8905
7809
446
4427
4344
9863
28
7555
7304
907
1095
7465
8957
9511
2366
6081
1197
2575
10337
8018
4874
4605
6670
10097
5223
7601
9141
2803
1881
434
2475
4790
2931
6213
6915
8013
7245
3552
9909
3811
7263
1768
366
1991
7352
1527
9702
1438
3641
9063
9961
3924
204
2312
1792
3667
7261
1010
10399
4114
5814
452
476
10116
1317
10486
8020
6469
505
1282
1306
5909
4761
1311
5403
4046
2612
4984
6832
6396
3991
5742
7604
3863
1874
2673
7010
4701
5713
4401
3138
1284
5885
9183
9540
5763
6334
10647
7542
10599
7751
1312
2074
1285
3622
9984
1163
799
2929
10212
5303
291
8409
3217
7974
4527
10379
1480
2515
1089
3940
10031
2205
8433
65
2111
2167
6625
2801
1134
9028
9801
1667
1517
8547
8255
9194
7474
1157
7317
5661
8528
3531
10203
1680
10234
9126
9121
8798
7500
10283
2892
4488
6425
906
9905
4222
9741
3101
5798
3688
9177
8111
1237
2101
7254
5045
2094
5402
1206
10450
8166
3005
4136
6454
3875
6583
9861
585
1998
8707
9942
545
8980
2772
4352
8455
6029
7195
5148
5124
4295
7567
7426
8937
3083
9944
4073
9114
2257
3995
10499
285
2152
239
5483
7784
10255
5120
3340
7081
5716
841
1408
8429
626
1122
10093
7676
8091
2242
5785
3623
4612
126
7901
6041
1391
4369
958
10393
5153
3515
8739
2686
1146
2989
4515
10530
4602
1213
9227
81
8073
2207
6434
8655
1661
4348
4122
7762
10325
791
8169
7853
10553
493
3462
8796
10088
6037
4249
9910
282
6537
5835
6133
2802
6964
6992
1093
8941
8368
7821
4330
5794
1327
3869
5434
9052
2096
513
4767
8351
122
1566
3759
4413
863
7463
987
5021
10571
1036
4937
9717
7505
4014
63
189
7092
3426
1022
2195
2286
8064
2856
5423
1561
2940
5132
9796
6718
7001
4869
8261
5876
581
608
10299
4283
7816
2147
9104
4529
5397
8465
5659
1416
8755
367
5839
7549
2056
2715
7342
2378
4093
9446
1614
8062
25
1236
3474
4465
4724
9524
401
10260
6490
7285
6387
1670
4168
7565
720
4294
1953
9118
1860
3500
4164
1024
5504
5086
5164
6053
2079
7946
6748
2106
1039
5782
9214
7794
8628
4611
10500
6541
9521
2133
1044
4986
6876
4505
6247
914
5709
2297
9326
5049
10487
5848
2643
4779
2561
10381
7749
3049
10407
7225
696
6624
8818
5490
5757
7685
6088
10504
5741
6902
9765
259
6911
8186
8665
2721
10391
6767
5528
9454
9828
1137
5573
644
8229
3342
1292
6594
5226
9761
8028
10618
901
7694
4680
9128
10122
1741
2350
9974
76
10466
2670
6761
1083
9672
9263
2760
3554
1621
1374
4647
9306
2452
7100
7484
10269
1791
2373
4553
2084
7588
8950
1279
308
7688
4865
4844
102
3541
8589
5352
1132
3235
3866
1491
1143
9178
4958
3151
3212
7840
803
3186
6822
1046
7528
4175
1569
438
4504
7380
9248
5260
970
2671
5558
3468
5748
4837
7127
8936
16
4008
9142
3556
1207
8498
731
5674
3467
2541
157
5088
7273
4360
5977
2551
200
3601
7944
6826
3697
6192
6742
8130
5934
4988
6453
5708
10546
6000
5676
8401
3651
3958
7670
5774
208
594
927
8749
666
8669
5915
3407
5618
7644
1254
8592
10016
7490
2078
7079
7634
1464
873
5173
9266
7660
6801
2630
5169
2717
7916
5553
1372
2038
9878
10139
5883
741
1151
3361
4238
9158
6203
9525
5287
3895
2009
5753
910
6455
5983
571
1255
3347
981
9290
3841
241
2280
2579
4783
3452
734
764
4276
9959
6087
9020
9604
2348
3799
7328
2123
1833
8699
2324
9803
925
2844
8320
5863
8341
502
2489
2523
3150
8761
3042
900
4054
8680
7875
6900
5026
2631
4653
7124
5664
4443
1369
10506
6820
3833
6649
2411
8873
3511
9726
3927
8245
3189
2637
762
10138
7183
3250
3013
1352
213
4511
2591
4469
9387
1128
7684
8278
8191
6175
448
9349
472
3025
7623
10349
6603
8484
8949
1828
670
2364
7456
2043
3287
41
8494
10658
7177
7343
3665
10179
8427
6528
5373
158
10055
3698
7616
4094
4888
953
8001
6686
1108
5344
4904
1767
7610
5620
2830
6555
138
4585
9742
681
9096
3224
10540
8615
3346
7414
8533
3890
2316
5652
3147
8090
2582
5219
2455
6586
6408
1848
3135
1194
9607
7519
5670
314
1632
1161
3062
5319
8196
4564
8999
3629
8350
2623
6893
7543
2912
2638
5184
7529
8693
1994
2769
1559
2668
10213
3926
8434
319
5677
9403
10115
7777
10447
8432
8705
7395
3277
8146
7048
2150
7658
10576
5355
91
10126
8165
6631
2234
9287
2362
363
5127
6507
9320
3606
9564
7725
606
1581
3003
10405
5497
7180
7699
9721
798
3098
3143
1174
8596
887
4040
4886
2421
7167
3244
3457
7006
10279
415
2039
5703
205
5926
6958
2967
8497
575
2485
5323
6157
891
9964
7906
2857
4320
3539
10600
4109
8173
886
4877
8093
9408
6340
2953
1097
5777
5014
10355
7730
9163
2310
3954
2547
6978
1071
8584
876
10524
2062
6897
10410
8683
9316
5221
3380
5732
8081
9895
7460
653
1732
9180
4144
839
5666
10590
5543
5186
7788
3449
7715
4816
3893
10154
10315
3216
7950
9763
10108
7144
10373
6339
2581
4831
949
3057
8038
10052
9645
5838
9452
2524
4880
5369
2498
5609
3517
979
6914
451
2583
1939
7945
2881
4257
7470
10389
5256
7582
10645
3054
2120
9220
570
9029
1205
3032
3988
6616
6552
955
2384
6515
6922
10094
7630
9085
7876
2504
10095
1064
4720
6841
273
7756
2409
7965
7598
10635
4404
6707
4628
1843
6662
1959
8078
8808
9222
9203
5061
3950
1849
1529
10207
6009
3618
7995
7062
4823
5436
5807
3386
3754
8303
1957
3848
3979
3776
3375
2012
6954
5599
2992
1283
5688
8791
8492
2479
1958
7914
5057
4977
7243
10328
1578
2971
4235
2821
10049
2309
754
3717
999
1810
3885
1605
10444
6446
7173
709
7439
9587
529
8682
9552
330
10465
1079
7646
7741
1094
2742
2684
5836
6998
7337
4298
7560
1840
3813
1281
2780
4384
4987
9640
6437
1521
7687
8532
6077
3908
9478
4059
6266
9835
1119
442
7878
6806
6182
8461
5760
5828
659
9087
913
4414
8426
3952
7804
4400
10215
4392
6812
119
3022
6212
664
9637
5930
8487
4218
6080
625
10475
6561
5427
10210
9040
334
4065
7448
2118
2791
2114
1789
2200
33
5939
3358
9994
9129
9991
9517
9854
3575
360
9046
9293
3966
6045
4380
6197
4208
8005
2794
2933
40
851
7760
3194
92
8236
1858
7805
1166
2199
10312
2804
196
6652
1878
9285
9006
8554
2975
4563
7904
6320
3075
5299
2578
1109
8841
6596
2338
7899
10164
7235
3902
2023
10144
4911
1294
695
3288
2996
6657
4039
9254
2317
7379
7400
8952
4210
4233
9
3765
3992
9165
10437
1587
9062
6126
388
587
5150
10545
9193
4812
372
2507
5009
2095
8648
47
786
7228
8382
6691
9683
884
7461
9496
1359
274
3914
7677
9781
5161
2728
7376
9086
5594
4709
9651
5971
4345
1082
5729
9435
10354
1028
2425
9201
3056
8661
7886
7492
6886
6421
4652
8515
3752
8253
7972
7283
8843
10147
9270
5003
4342
4868
3018
5865
6510
5631
8198
172
2137
6345
9352
7513
4898
8344
470
10491
1660
238
10220
1404
10300
467
3176
10610
4828
7126
10549
4565
9215
6653
7934
8299
10494
8193
2949
1278
7205
3796
10643
2963
6516
524
8899
10352
4503
8853
5037
3755
4102
8726
4688
5162
5598
6903
9139
6531
5965
4002
3513
4591
5850
8355
7409
280
1406
5154
8553
8300
1710
6423
2625
7299
4158
5447
1704
1749
4814
5211
9673
8446
1871
5457
8454
3586
6842
4346
5268
4178
7267
49
5043
464
8398
7982
8279
3901
10534
1096
7292
5422
3700
246
8654
5616
9997
9250
2007
2741
10532
9455
5114
8846
266
1002
6568
10514
5932
1970
8586
3981
9690
1987
6525
7830
3269
4632
4748
804
6241
3043
2163
7320
7066
2423
5764
6268
2050
5023
10204
1437
5535
9749
8539
7581
9848
3381
4367
3720
7917
1190
4941
8720
1433
2369
10121
5984
3499
5350
2357
2805
9312
1220
104
4895
6782
5772
9186
5759
516
3236
178
174
4833
2089
9459
2410
279
2775
2085
8437
2260
7800
4547
6293
10163
10377
9109
3617
7724
10124
1582
3696
8928
813
8837
4256
6392
5998
5683
4537
3091
3146
1530
8552
9850
6768
9904
3050
610
10579
9898
920
7556
2750
1882
861
5808
2396
8706
3410
2543
73
3716
4996
796
9869
10657
6865
6513
8476
7427
7613
7962
3772
9314
3855
4899
9812
1885
879
4355
8822
7007
4901
8105
8617
5551
9185
10267
4665
3352
5233
7617
507
10413
7574
9132
1835
7678
897
3643
2754
5167
6709
7078
5408
3285
7561
6789
1786
8609
5360
5649
8858
5864
4153
5870
2438
6811
2287
3076
5181
8612
560
6456
8902
3763
875
4500
7362
919
6514
4834
1604
9206
10021
9077
6493
5687
6791
4960
3656
9694
2633
7938
3967
5145
7511
4017
1844
9675
1411
8307
3802
1512
5952
6990
8859
3253
8048
598
9013
8960
3124
693
7391
1615
7806
4763
10227
7370
8649
5562
5911
1138
1202
8224
6661
1054
7793
10305
10384
3787
8670
7943
2065
3324
10451
3819
7156
1075
7584
3249
55
1820
4197
2186
7403
7639
7052
4211
7429
6146
5725
7753
7303
9479
3548
7907
7323
4143
8119
5270
6447
1796
7766
10609
632
6218
6592
3059
2458
1513
3738
9987
8697
7024
1567
8890
4419
1276
4825
5051
9530
9769
8972
6854
3842
2705
3711
1500
6676
4483
1012
8660
6850
6644
8900
10348
6677
8785
8286
1486
5279
2371
6419
10508
4634
8810
3366
5203
6892
2563
5634
10141
4694
7417
2646
5548
3736
3274
3764
4302
6574
9709
6281
9284
6776
2573
7236
3820
6979
4139
8827
6816
6399
3534
6117
7635
2690
288
725
10205
95
5950
209
2001
2486
673
7770
5987
1382
3897
3079
952
5783
4787
3451
1611
8069
7366
9210
6852
8070
4929
1187
4078
4594
9847
6338
3542
6532
7018
6462
9374
433
8264
3630
5116
9168
5399
1522
5640
4631
9080
5118
1203
8534
1118
4096
7729
7341
5947
5735
4289
9042
4638
3094
2586
3613
3507
5300
2879
690
10544
6201
2427
2570
9635
1156
8010
6154
3786
147
3588
1358
9605
6461
2829
6125
10135
3910
1442
5549
6864
8772
9021
3172
730
3594
5723
9877
4438
2701
9251
458
6039
4910
1730
4457
5000
4876
4681
3894
2737
2676
6319
4000
835
9699
4049
3620
692
6356
668
8847
1990
262
5326
411
1597
2941
2900
4240
3929
4630
150
8241
7434
8851
5415
10562
10339
2041
9463
1769
5822
858
10068
5831
4259
10224
1459
8180
7075
9505
2554
9766
7301
9364
1217
2322
6358
3756
5969
9922
2920
3798
2356
4667
6042
9123
5006
8110
1861
10195
8040
7846
8296
5347
8086
38
3156
8158
5602
4970
8794
1045
6240
5638
1101
3460
2743
7070
6237
5899
64
6142
7038
663
9778
1545
6924
414
7158
8221
1062
718
1267
6355
1652
153
6429
2472
5284
569
7036
10423
8834
2058
9204
6138
9199
8039
8046
1764
9534
3559
5922
3953
4011
1296
9171
8502
4292
647
7416
3574
2487
9328
2533
5617
4474
3903
504
143
862
7553
1590
2697
7333
7013
5945
9159
8388
10478
8449
9932
4501
2696
4815
135
9917
7084
7217
2053
4398
3215
3632
4327
938
6234
6725
224
10019
8675
1351
9562
3695
1173
311
6025
1256
9365
1924
3345
2251
6036
2143
3007
1817
10551
1188
7752
3999
8889
377
5396
8026
3289
10536
2181
7029
9906
931
3884
1937
8237
5639
4662
7269
212
8678
8888
3504
6853
4853
9687
522
1502
1144
6486
5823
8865
2691
9434
1951
2262
10464
4341
8019
10133
1633
4623
1675
9573
9236
6443
4409
429
8725
1273
6370
840
7539
9689
5420
827
2416
4577
5938
3677
8315
5958
3440
9592
10427
5353
6483
8740
6204
8392
1465
295
7682
9324
6304
10298
2146
6021
1310
5077
7903
6275
3165
6373
9071
9065
2580
654
2905
1466
7134
6821
2529
8580
9501
1716
3669
3883
8962
1964
3904
9303
8511
2762
630
7611
7600
5475
9969
333
5407
2859
1996
5663
8411
77
5860
4118
2160
3710
2107
1081
9205
8007
8910
4794
2702
3947
2327
6001
3512
6017
8428
4867
10386
4205
3821
5027
2904
5432
10242
8212
517
622
9465
5248
8687
6195
8538
708
1575
7633
6535
8430
10004
1141
8793
6230
7661
9133
9696
2614
6433
5752
5643
4426
2966
6435
3012
6749
2122
2326
3292
4530
3712
8489
2494
10481
6818
2910
6120
455
9576
3845
1519
3733
7485
1153
8304
5506
7
386
3209
8141
9590
10574
5468
1257
3331
6062
3888
8295
2492
2785
508
1042
2168
1100
6326
4339
5629
1801
6605
1986
4608
8085
3489
8663
7954
2083
1407
7318
8204
2029
5555
3110
6346
6762
8918
2466
7722
427
4528
9526
561
7663
5345
966
3732
118
8885
7727
1903
2825
6672
4805
275
6312
8838
5013
6498
7462
7748
398
7520
9445
7629
8914
9840
6451
6497
6258
1063
1145
3308
6861
1557
9405
4328
3087
7293
4521
3503
5547
578
2166
9134
1634
912
5179
8054
3937
9112
5199
8415
389
8577
7650
10649
207
1669
7262
4244
4930
9657
5974
988
6898
3484
7973
6179
5704
2874
10476
1235
5518
8848
7339
7710
8402
7290
4009
8882
5469
6844
1729
124
9061
2508
9711
3448
8664
2442
9700
6577
1889
701
2903
1627
10656
1386
2720
2636
4361
7008
6449
4082
7822
960
2854
10333
6043
2899
4907
3769
8610
738
7606
1813
5336
8374
3949
2716
4359
2512
9226
4204
3229
706
7072
1583
7883
10040
7491
1644
10061
3415
8987
1952
5679
6467
6220
6076
7860
5820
8607
5825
1956
1330
4476
10023
10520
264
9593
2265
7265
1250
10341
193
8581
4137
9551
5247
9426
9829
7091
9414
1870
3470
10160
297
6716
6743
4516
9147
1655
5796
8820
8262
3878
8965
10180
4338
7909
2258
7295
1467
8043
7571
1815
2774
4835
7428
8399
9239
5426
10585
4477
8870
1483
6866
7952
1713
9417
3401
6140
1747
535
6448
1594
7182
8136
1396
5277
4683
9300
3459
1073
9111
6819
9837
3679
752
146
9103
2613
78
6404
1171
5635
10077
4854
9806
2456
4879
9447
7206
7382
3771
10074
10603
4990
3437
10461
2375
6158
6511
5178
8978
6283
4243
44
2808
9145
7548
1362
1001
871
6148
1259
1554
1496
2273
8435
7020
5273
4846
1965
2201
10501
4347
7992
1863
10587
9437
10001
7188
2124
7928
10492
6161
6216
10186
2624
7964
454
9160
62
6278
6139
3443
5228
5191
10229
1723
7252
1602
8527
1286
4368
7659
3477
7638
5627
3171
8340
1643
2354
293
9819
6010
7098
2634
9793
1550
9954
6693
2460
6400
4316
9652
5245
5750
5787
7335
4745
2231
3126
201
5389
789
7423
7889
10238
4034
777
613
5180
733
620
7279
8195
2813
6307
5593
422
3486
5011
7480
638
1676
9799
4119
1038
6668
3214
8588
3547
1052
8769
8574
8011
7364
2957
302
4460
4074
8407
4420
5172
4388
6477
8280
9390
7240
8142
6860
7489
1695
4185
1762
7109
506
2871
4881
4391
4390
8008
1890
8732
9470
2734
4396
3693
5207
772
6418
1058
4578
9580
7250
7921
6374
1516
5856
1074
4449
1380
3568
4228
9244
8025
2469
2282
5314
3751
9528
2505
2665
8809
844
4532
998
2834
173
3199
8445
1913
5671
52
5693
9097
7627
3351
10278
869
2294
6932
8458
2658
5328
6758
10424
5001
9008
558
2382
233
5916
4669
6575
9458
9792
7319
7441
10022
3642
365
9844
5477
4475
651
935
8263
10098
254
4203
353
10477
1654
8132
6368
7022
449
3365
6611
5792
5936
7202
9370
5072
4184
4231
9059
9480
4889
3371
8849
8933
9510
3801
525
8488
8396
3964
6265
1854
2841
9737
1115
6817
4349
10361
9120
6075
893
3273
2571
10083
9260
2318
9893
2753
10280
10369
4221
3508
473
7596
8331
755
2593
922
6116
1933
6756
2177
7632
8782
9876
3810
10175
6983
3576
9366
5686
4430
6105
2187
9839
8252
3532
1932
4179
7312
1476
8968
3846
5699
1886
3931
5955
8831
6069
301
2827
483
4962
2059
4885
2063
4804
751
6049
7170
7289
4535
6091
10286
10131
8887
148
9512
9105
7736
8738
1572
10145
2392
10120
3173
6796
8624
10248
2606
2577
8815
7723
8631
9500
7418
5224
843
1226
231
10513
9162
7864
8599
4558
7993
10246
4496
4965
6231
66
2405
6022
6171
6030
9949
2025
1629
8671
2735
4142
3791
3444
5071
5786
1830
2403
903
338
1494
4992
5101
5975
3078
256
9586
8712
557
7128
4362
7392
6607
243
4900
5035
7888
10395
1381
1585
7089
3619
1914
7997
2632
10456
6937
3283
267
2755
9759
10136
6566
8348
9291
3422
3872
6663
6103
10244
5143
7915
7502
8222
4435
5073
1504
6772
348
5025
6341
8748
6389
3706
5560
6465
4182
2342
10228
8464
8473
3149
5502
1245
5217
9014
162
4372
80
431
3668
1955
1195
4663
7168
4897
1503
6180
477
4135
2712
2188
6792
1346
6579
1758
3907
7160
5496
4934
1596
1032
8894
2046
8529
9879
8964
6371
3364
2189
8325
9436
9620
4590
10398
9674
657
8874
8380
6143
8637
5821
565
1891
4239
6708
3968
4103
8983
5385
6208
2864
1329
6805
6741
5565
5460
5419
5433
39
2127
8579
3286
9871
9024
10533
6173
7425
1751
9928
9633
1803
9561
8037
6519
5209
8795
8883
3521
9289
1678
7260
9373
304
5569
4512
3115
4679
8824
6549
5651
2250
2292
5413
3660
7246
9419
9915
9684
1931
4775
1609
7278
1872
4540
346
1775
4025
5237
6445
7233
2726
136
6544
96
5614
4010
7025
1026
8385
1031
1048
8961
10111
1184
5784
9884
2954
5242
2761
6209
6760
2767
435
10619
1821
197
31
7975
10471
6375
3918
2044
3220
156
3471
4217
3074
5923
1238
6664
5590
9531
1630
3218
10288
9257
2419
10270
9010
8614
3859
4939
7044
3986
2470
1244
5107
4042
5271
8051
5372
5291
6879
2414
265
5805
3297
10158
496
4758
10110
4840
5520
3621
486
423
624
1162
5695
7919
4691
1175
1834
4896
806
6411
3435
9723
5183
7027
5721
2886
1829
2161
5002
7187
8453
1159
8183
10042
8033
1510
5968
1966
4121
8895
3687
627
9938
9012
7097
8003
3561
9299
5310
2227
6827
4718
4379
9582
2240
6305
7071
1201
5083
7609
6834
10107
3699
8102
10252
8801
5630
9988
1748
1638
2288
2103
7870
8597
10208
5296
8057
3955
9295
634
5959
2901
9009
924
7209
1592
1689
756
5113
2969
2506
8022
71
9202
4716
9654
7775
5873
4546
8077
5944
6460
2927
8906
8153
340
2850
10634
2656
5669
3333
892
2509
989
6571
1734
1929
8106
6061
8160
5387
8406
867
3788
6136
3182
6149
3725
5740
1365
10347
5040
154
7708
9149
2685
9269
1339
4236
9439
1508
9656
10605
6870
2700
3721
10613
4735
7873
7196
9431
9410
1708
9406
3330
10313
8384
2480
9475
646
711
994
7375
5917
5624
819
7506
5491
2527
2990
9775
2995
336
3164
2136
6349
564
9137
1142
4818
2948
1354
8201
7731
3944
4149
10484
3329
10651
2777
2597
5559
4022
7028
6357
2303
500
1973
4033
5285
7193
2873
3387
6153
1323
5953
10612
7622
9849
6051
9519
7349
677
5024
10375
9900
10561
3280
2247
8602
6215
9800
3686
3636
7758
6858
5580
69
1051
10069
7937
1948
7003
5655
8531
7647
4821
3031
3783
3335
2204
8486
4981
4657
5038
6779
361
9591
3416
5133
9679
797
8647
7960
5053
2179
2329
2553
9356
8178
247
9486
6317
6074
6976
1842
10425
6127
2291
4258
5999
2662
10282
3385
10035
9318
3239
837
596
5267
8391
7163
3951
674
5331
3303
6095
10563
7253
5089
5376
2889
7844
7291
6578
4717
4864
4935
54
9768
6481
6751
2667
6778
6162
2325
6960
4756
5322
10230
9614
8576
2640
79
222
1623
216
404
7626
4156
6315
2042
10273
2914
6795
5204
1447
9535
7824
4933
8773
7440
5942
8766
8611
10232
4306
4712
1264
9516
3844
6011
7837
3108
9055
6773
1658
4771
5215
4165
26
10462
3510
9176
7645
1906
9816
8107
10177
4100
3550
822
9896
9033
8731
5692
2176
2248
7740
7866
7181
9140
9277
1534
2860
5462
9860
6825
8321
992
6669
3781
5891
2683
7042
2064
3024
4554
6487
3757
8359
3107
1628
4123
2897
4234
5937
5316
4848
8684
4574
9151
7121
4151
5874
9094
8966
6068
685
1606
7082
1671
1232
2224
667
5524
8924
7619
9985
2663
9632
6405
3409
2022
2918
7347
1102
10442
9485
3197
995
1720
5218
3822
4810
1691
6775
7953
3092
215
1041
6440
6702
498
740
2795
1168
1972
10327
2386
6943
300
8713
991
1501
2855
3577
2923
4004
1165
8030
6619
3191
10046
10433
9237
2878
6798
1679
456
2958
6132
10541
8909
7583
6019
3645
9678
7594
10518
2283
253
4786
4811
946
6855
1229
6494
6925
1123
3276
911
3131
227
217
2937
3722
2408
9113
6269
5295
5012
4994
7494
1897
10338
1976
4458
9030
1085
9428
6361
3558
8746
6534
6975
10071
6473
7963
5170
3294
2026
7367
866
1320
2183
1892
1735
6488
10156
2484
6327
10509
9834
2206
8836
2098
8327
6253
1035
5799
980
9933
2045
6731
8347
4702
7869
2695
9921
829
10045
3279
337
2837
7855
10550
8309
9727
4973
3483
469
382
5017
743
1624
2838
10617
7811
7348
649
3245
6810
2955
3997
6759
1725
8140
2865
7102
568
7628
745
2437
4037
5056
759
7309
8244
4304
7815
4989
8783
10142
5455
9309
5163
5128
2956
10368
3354
9345
4108
5444
7467
2797
1925
10140
5811
4931
325
9589
6614
5445
2783
6770
8947
9680
335
9621
5379
9068
10114
9544
1289
7405
7015
6296
1577
6636
6144
1314
8512
9975
3295
3625
3933
8780
2985
2174
9913
6538
6214
6160
7709
5960
4364
1922
8548
5564
6839
4394
719
10638
4580
1183
10159
10367
8618
8059
5893
4689
2474
59
7933
1410
4993
1047
9469
1355
2495
8975
5348
997
7023
2142
878
6369
10452
3231
9070
5078
2569
9862
4199
8240
8044
50
7324
8868
3569
8330
5459
3985
4446
6829
9015
10430
10102
8231
1901
2839
10166
611
459
3478
5595
4557
605
9231
211
5579
9887
6599
3983
2178
661
10143
3382
4058
424
9332
5363
7896
3611
1130
8269
56
10293
3836
4487
9216
4704
10162
7747
6973
2087
1619
494
817
9890
7365
4711
7445
6386
5868
6935
4891
7970
10090
3016
6633
7046
3072
5576
3429
1563
9264
9308
6799
3498
8175
4343
2976
8806
10632
5645
3044
9978
3248
10552
8100
10655
7721
3524
2125
1210
2169
5739
3162
3408
10236
7776
7471
682
10548
3815
10439
7150
2756
572
5259
8549
8480
2077
7476
2190
4132
8187
4128
7814
9661
8246
2110
6871
9497
8383
3889
5933
3441
1838
820
5869
902
8358
5768
9824
4232
9464
6733
5604
6301
2155
4455
2713
894
2567
9752
5673
8861
9776
6585
1542
2757
5585
6648
2034
590
3281
9182
1233
4725
4573
8569
5662
8234
1417
393
2126
5065
1698
4882
9553
3871
7761
3290
3100
10626
7447
2275
10161
2368
252
10296
5887
6377
2629
3692
6982
2376
3082
1664
8788
5981
9230
186
726
3391
8989
6824
2766
7538
9670
298
4219
2404
8029
5480
4416
1773
8213
10104
8021
4250
9232
7589
1112
6881
3179
8643
8369
10256
1736
4214
4308
7088
8495
5878
1348
7746
2259
5305
1985
7221
6184
9977
2763
1978
9172
3254
1915
2600
8620
8635
9603
6200
7495
3238
6394
1110
6094
700
7551
5255
8811
5731
8562
4043
2584
1688
10081
5174
3411
10428
2343
750
7076
9817
6620
7692
3109
9953
2336
8058
7517
2572
2722
10380
9924
5707
9533
2535
1783
7169
2648
5091
5536
7053
904
8985
6919
7651
6482
1030
4146
2269
6092
191
4198
1315
5530
4822
7836
6332
4363
7828
986
6098
2171
5956
3472
5550
9880
4654
2436
3533
2457
846
7767
4310
5028
4928
3734
6321
4130
8656
1755
8601
8854
7922
5519
3899
5313
1668
2672
4905
5286
4953
7308
4410
3691
8116
6381
6480
4526
6261
6567
6252
5108
6227
7172
7671
9136
9601
6452
5177
3740
9313
10211
6032
8819
10101
5489
8917
5416
6883
1149
4969
163
2875
1341
3379
4803
2694
7947
6509
5176
5112
3434
6152
5041
4254
6347
10271
7783
1899
3573
5136
10394
7848
6008
7222
3994
748
8942
9099
6991
2845
7526
7607
2876
8563
9234
4169
7244
9676
714
6923
8056
3724
5492
3616
1029
6491
4668
9146
7450
1712
6720
1825
6689
9563
10274
7547
8625
9846
1989
556
3865
9363
511
9596
6890
2893
3222
5771
8590
4068
194
5470
5710
9804
6851
8737
10580
4150
4494
728
3978
1733
4774
6729
3080
2340
5229
5417
8913
9697
4757
5847
7631
4311
3278
8468
2170
8084
1935
8616
3975
3824
2744
6554
8519
10290
7820
4351
8672
2907
6166
6527
8466
5770
7207
3376
8408
6128
6683
9945
3925
5957
9045
5069
4752
6926
10032
7215
4079
809
5076
10378
4509
9385
1127
3898
4468
6629
1016
9106
9271
3959
8394
10460
9583
4018
7798
3823
2585
9181
4894
10644
7929
6928
374
2377
10362
3041
2191
7924
2279
2483
4802
773
9810
8724
4726
1982
1019
7311
5484
3262
7881
6581
4126
5129
9827
6938
2556
7255
9556
1343
8379
2352
4820
10024
9518
7449
3479
6556
853
7363
10041
2491
5392
3984
4795
6318
5227
9034
518
2383
2490
6869
3203
5312
9927
7987
4206
1265
9412
1061
10482
4642
2450
2449
3566
6945
7961
8256
10654
4459
7559
2530
8844
6553
1471
781
3977
10596
3963
34
8438
5019
3225
7825
8929
4358
5036
2566
8268
3608
7603
1378
7287
7683
4674
9492
6601
10503
10385
2402
3891
9554
7406
5337
7595
6464
5055
5641
7750
7514
8571
10013
7819
4160
5106
8079
5185
2451
9597
10374
10416
6963
457
8448
6744
180
10318
3039
2031
7454
8031
4671
1883
7223
3868
20
1666
6202
190
381
6352
10661
2810
8823
3742
2333
2836
1179
7357
3313
7353
4423
1980
4081
2645
8164
8551
2739
2158
4479
5482
2538
1707
1647
1395
3355
1945
5849
225
848
6753
1772
2752
5298
8692
8951
2246
635
519
4872
7503
717
3300
5717
8753
8600
8032
792
4830
4571
391
2198
788
413
2679
5454
232
4643
5982
10289
4406
89
4600
5031
1639
2295
8934
6610
5070
9190
8474
3466
811
4116
2334
1805
948
21
4609
5456
3163
6536
4436
1724
1092
383
9329
8387
5386
523
4138
6508
942
9577
1726
8826
9355
3647
5804
1894
1412
1941
8243
1423
831
9073
7908
107
8932
123
9275
6288
7718
2862
4088
8735
2699
8055
7230
4268
10559
5327
643
1167
160
959
8211
6738
3615
1686
1631
6643
4751
497
7739
1477
1087
7184
2266
4397
5332
1440
642
1540
7874
3106
5429
3455
6360
2930
7711
3134
1523
10287
8397
9695
2081
6800
5527
1434
5488
9161
5377
2867
10185
3634
639
10360
7702
8509
6774
5241
1399
6589
8053
633
1613
6814
6415
6703
9520
2771
2513
9743
7399
349
7373
9057
3877
8147
3896
531
6468
698
6298
7159
8393
2599
3737
7704
2888
4484
8431
106
10422
2773
6904
4067
362
10028
9056
4077
5894
4019
7497
10418
4736
8573
8715
409
347
8364
2073
7932
6506
3095
4085
1617
4464
3029
7978
680
1610
10322
6224
5362
2219
1425
2218
6899
934
6699
8996
1703
9476
4742
9223
5085
8598
5130
1080
7510
2165
306
6302
6313
9209
5667
4089
1949
5149
1104
3602
3973
3035
7185
928
2654
4117
8357
2263
7734
2131
9981
6322
6107
4956
8096
5608
10650
1384
5824
4265
4686
554
3030
2467
3325
329
5250
9430
10100
2353
4031
10594
3747
3728
6543
8257
10495
6692
10565
3857
8829
3743
420
909
6367
2399
6632
3051
5157
1793
1129
8088
4315
3762
10459
8297
6085
2002
3008
956
2113
6859
8215
4267
550
4918
8151
5050
2562
10641
51
5165
9221
641
58
10192
10193
6701
8891
3343
6823
1544
3826
6366
5329
359
3119
10039
1446
35
850
8729
964
2355
9444
9667
2911
6521
10449
7562
8896
2657
7714
2942
7920
6604
9783
7733
2710
2800
7056
9344
5867
8926
6168
2518
355
9662
5220
5817
7355
2112
1186
8779
8012
7558
7797
593
9899
5103
7157
2807
5485
3314
7832
6257
697
2906
6110
1975
4007
7861
10134
5208
7880
1995
2902
1392
1199
6472
1683
3397
5829
6156
1246
3653
8525
4644
4291
8763
9976
7801
8099
6524
9712
10558
8310
7189
8507
1419
5324
10350
8349
9925
9507
6243
6176
9941
6376
566
6786
5628
2723
8646
3604
1430
8977
7925
7955
10358
2422
8235
2432
5766
10457
9636
3741
10011
972
2959
10512
5991
7991
9107
6078
4334
7080
9001
8774
4183
5146
8816
318
4433
7249
8677
8047
182
8343
1196
2628
8377
6409
6040
10000
9745
1947
3683
5266
3591
9883
4412
597
1155
5515
9273
258
576
9947
5359
3882
7384
7912
3188
3367
6656
5381
8524
1307
9011
6292
4695
9416
220
10076
6348
9751
1212
10365
3916
2877
321
6070
4026
6572
5800
5452
7282
237
9738
1579
7368
2028
6188
7854
2655
3428
3246
1070
7618
471
8390
5308
4284
9246
8508
405
1904
5815
3709
8666
7307
6687
1370
3282
9188
7572
4015
3495
1009
9548
612
9881
7905
6165
8015
2313
3853
8009
9041
3445
6674
9786
8282
4020
5672
990
9874
9566
7575
8644
6337
6884
4127
2418
1662
9083
8727
2175
378
854
8881
707
10640
5633
2516
2117
8419
7012
4942
5844
9754
10181
9870
1538
6921
5855
552
5842
8375
7552
3678
7164
6006
6627
3485
5928
4852
8103
7242
2277
9581
6111
4917
4070
2550
2035
2653
4005
2915
5099
2986
6803
1887
9088
9335
7152
3026
9064
8714
1797
9996
4543
1275
6059
9098
6244
1743
2997
7939
2598
3482
8373
521
4325
4542
4090
9623
969
4706
5773
10324
9770
9756
9744
8733
1004
3817
3807
4943
9173
4570
9952
3803
8174
9557
7340
9784
6388
7186
9541
3774
753
6764
4923
2332
4940
1589
3175
7432
5685
8072
3993
4765
2173
1923
3593
2908
7653
2765
542
6185
7537
8217
8807
4710
6930
1360
4559
8516
6046
450
1693
4444
176
5479
9274
1856
8856
5754
10419
895
9891
9217
4297
6947
7200
3610
5458
5728
1200
407
6290
7453
4633
3681
8821
6688
10058
4269
3579
6248
3374
5818
6658
8770
9979
4450
9242
10073
965
8422
2016
9708
2981
6889
1722
5039
7856
4041
1068
6401
1037
4963
6671
9747
6967
5095
5900
2666
4480
3666
9923
9841
240
10522
716
2977
8097
3200
1893
1536
3544
4497
1448
2725
10085
10012
7166
10582
2519
8860
7983
4186
7452
4569
586
3020
3473
857
2664
5826
9321
7305
6382
1214
5872
10009
4382
6351
4619
1389
2852
6123
5075
4927
1981
7745
5507
1551
9822
7587
3779
6406
609
9342
5156
1121
8456
482
2049
10316
9820
277
6804
3221
4575
9495
4282
10132
9753
9473
1304
6410
2809
5816
7668
8632
8723
9833
10607
6499
9433
5476
5503
1535
6512
9391
9302
9627
8082
9868
6621
10112
652
342
219
5190
9780
8159
4507
7111
5577
5401
1509
2693
8023
1520
6286
6885
6637
5042
577
8167
1616
8125
3463
8741
3070
9663
6965
8220
4439
1900
408
8170
3105
7664
5187
4551
6210
7666
6238
3670
8653
10272
10174
5533
5450
3519
1869
3265
4797
6485
7203
5244
551
1506
4807
941
3122
9472
4950
7330
963
9643
2374
6169
7900
439
7859
7842
3084
5269
7726
1763
8884
8197
5015
10592
4293
4493
2461
10306
9477
3350
3672
5517
7153
8988
1436
5472
4226
7294
10382
10218
7481
1363
412
9175
8757
6163
4676
8518
1099
4518
1657
2947
10611
9882
7151
5382
539
3703
3987
8403
6755
5356
5892
2861
296
2626
352
1807
7772
2738
2650
345
7143
10573
7524
794
2952
4640
8114
10148
896
5904
9035
1674
8335
3887
1855
9395
9368
10187
1690
6955
8189
7014
8207
8218
1984
9713
8065
9748
1280
9369
732
8185
3017
8143
9588
9615
3232
3393
1300
3650
5819
3192
8750
515
7981
5758
8606
3263
6547
3368
8117
2842
5532
583
3252
9764
3261
2261
1114
7578
855
7998
4627
5418
9461
7063
7119
9155
8425
1586
3659
10577
1409
5231
6255
5715
2674
10639
5481
940
3453
3010
8306
2776
7716
951
9044
8585
4305
8208
7271
7573
3259
9788
8121
1456
7897
7996
10297
9115
5921
6797
4799
10292
7701
3770
9755
3599
8067
8564
4620
5572
9407
3874
2388
2473
8483
8503
6887
8756
7509
5409
4180
2587
7829
307
7148
9532
8802
9514
358
7882
3404
7642
7796
1428
3414
9229
3581
3438
8946
4403
3270
3583
390
2448
9791
5342
1839
10505
5200
984
3061
6940
4798
8452
6436
7893
2341
1091
10468
370
7698
6995
3974
9774
5837
1778
1823
5126
7137
10417
8501
7314
616
3567
7773
3578
3104
9715
9538
3980
10525
8667
184
9474
9023
368
3906
10033
9399
4659
9362
3073
7266
9438
3917
7378
4326
9973
2088
3962
7411
2968
5022
3912
4678
4829
6141
351
4961
4545
10330
4857
3130
2493
4625
3972
4245
541
3417
7372
4915
2652
9305
7350
7224
5951
344
3708
845
9885
6570
6263
2271
2707
3538
7728
1728
6714
1556
4255
8864
432
9616
834
6475
8365
4506
4035
1243
6378
4592
9772
9397
3185
9671
5033
9082
7123
10221
10527
1700
1357
7892
7884
3090
1574
93
6219
4261
4766
4215
5487
328
5104
6906
84
9795
3442
2344
9400
8317
4749
357
6504
5512
9624
4383
1124
1867
2072
1444
9281
3427
4739
7407
3205
1910
567
10066
2447
9705
4147
3155
10026
4925
8959
9092
5441
2054
6757
3211
5990
1495
8328
7120
4836
3509
1753
7817
537
8127
1548
7155
767
1784
3520
6728
2017
7545
5263
6878
1303
5886
4321
1148
